{
    "BoundingBox_center": [
        -0.5,
        -0.5,
        1.0
    ],
    "cameras": [
        {
            "Backgroud": 0,
            "BitDepthColor": 8,
            "BitDepthDepth": 16,
            "ColorSpace": "YUV420",
            "DepthColorSpace": "YUV400",
            "DepthMap": 1,
            "Depth_range": [
                0.1,
                3.0
            ],
            "Focal": [
                927.775,
                927.805
            ],
            "Hor_range": [
                -90.0,
                90.0
            ],
            "K": [
                927.775,
                0.0,
                957.165,
                0.0,
                927.805,
                554.565,
                0.0,
                0.0,
                1.0
            ],
            "Name": "000442922112",
            "Position": [
                0.3829622055679076,
                -0.3723605401438492,
                0.16852962399228225
            ],
            "Principle_point": [
                957.165,
                554.565
            ],
            "Projection": "Equirectangular",
            "R": [
                0.997357044426966,
                0.06786860814995856,
                -0.02593796367670424,
                -0.06471348330680515,
                0.9920920246344878,
                0.10754338536117987,
                0.03303166677911522,
                -0.1055806169920917,
                0.9938619835295861
            ],
            "Resolution": [
                1920,
                1080
            ],
            "Rotation": [
                0.0,
                0.0,
                0.0
            ],
            "Type": "RGB",
            "Ver_range": [
                -90.0,
                90.0
            ],
            "dist": [
                0.077475,
                -0.0340633,
                0.0,
                0.0
            ]
        },
        {
            "Backgroud": 0,
            "BitDepthColor": 8,
            "BitDepthDepth": 16,
            "ColorSpace": "YUV420",
            "DepthColorSpace": "YUV400",
            "DepthMap": 1,
            "Depth_range": [
                0.1,
                3.0
            ],
            "Focal": [
                927.775,
                927.805
            ],
            "Hor_range": [
                -90.0,
                90.0
            ],
            "K": [
                927.775,
                0.0,
                957.165,
                0.0,
                927.805,
                554.565,
                0.0,
                0.0,
                1.0
            ],
            "Name": "000442922112",
            "Position": [
                0.3829622055679076,
                -0.3723605401438492,
                0.16852962399228225
            ],
            "Principle_point": [
                957.165,
                554.565
            ],
            "Projection": "Equirectangular",
            "R": [
                0.997357044426966,
                0.06786860814995856,
                -0.02593796367670424,
                -0.06471348330680515,
                0.9920920246344878,
                0.10754338536117987,
                0.03303166677911522,
                -0.1055806169920917,
                0.9938619835295861
            ],
            "Resolution": [
                1920,
                1080
            ],
            "Rotation": [
                0.0,
                0.0,
                0.0
            ],
            "Type": "Depth",
            "Ver_range": [
                -90.0,
                90.0
            ],
            "dist": [
                0.077475,
                -0.0340633,
                0.0,
                0.0
            ]
        },
        {
            "Backgroud": 0,
            "BitDepthColor": 8,
            "BitDepthDepth": 16,
            "ColorSpace": "YUV420",
            "DepthColorSpace": "YUV400",
            "DepthMap": 1,
            "Depth_range": [
                0.1,
                3.0
            ],
            "Focal": [
                923.52,
                923.855
            ],
            "Hor_range": [
                -90.0,
                90.0
            ],
            "K": [
                923.52,
                0.0,
                962.68,
                0.0,
                923.855,
                555.88,
                0.0,
                0.0,
                1.0
            ],
            "Name": "000491922212",
            "Position": [
                0.0,
                0.0,
                0.0
            ],
            "Principle_point": [
                962.68,
                555.88
            ],
            "Projection": "Equirectangular",
            "R": [
                1.0,
                0.0,
                0.0,
                0.0,
                1.0,
                0.0,
                0.0,
                0.0,
                1.0
            ],
            "Resolution": [
                1920,
                1080
            ],
            "Rotation": [
                0.0,
                0.0,
                0.0
            ],
            "Type": "RGB",
            "Ver_range": [
                -90.0,
                90.0
            ],
            "dist": [
                0.0806523,
                -0.0371035,
                0.0,
                0.0
            ]
        },
        {
            "Backgroud": 0,
            "BitDepthColor": 8,
            "BitDepthDepth": 16,
            "ColorSpace": "YUV420",
            "DepthColorSpace": "YUV400",
            "DepthMap": 1,
            "Depth_range": [
                0.1,
                3.0
            ],
            "Focal": [
                923.52,
                923.855
            ],
            "Hor_range": [
                -90.0,
                90.0
            ],
            "K": [
                923.52,
                0.0,
                962.68,
                0.0,
                923.855,
                555.88,
                0.0,
                0.0,
                1.0
            ],
            "Name": "000491922212",
            "Position": [
                0.0,
                0.0,
                0.0
            ],
            "Principle_point": [
                962.68,
                555.88
            ],
            "Projection": "Equirectangular",
            "R": [
                1.0,
                0.0,
                0.0,
                0.0,
                1.0,
                0.0,
                0.0,
                0.0,
                1.0
            ],
            "Resolution": [
                1920,
                1080
            ],
            "Rotation": [
                0.0,
                0.0,
                0.0
            ],
            "Type": "Depth",
            "Ver_range": [
                -90.0,
                90.0
            ],
            "dist": [
                0.0806523,
                -0.0371035,
                0.0,
                0.0
            ]
        },
        {
            "Backgroud": 0,
            "BitDepthColor": 8,
            "BitDepthDepth": 16,
            "ColorSpace": "YUV420",
            "DepthColorSpace": "YUV400",
            "DepthMap": 1,
            "Depth_range": [
                0.1,
                3.0
            ],
            "Focal": [
                915.76,
                916.205
            ],
            "Hor_range": [
                -90.0,
                90.0
            ],
            "K": [
                915.76,
                0.0,
                965.475,
                0.0,
                916.205,
                551.795,
                0.0,
                0.0,
                1.0
            ],
            "Name": "000508922212",
            "Position": [
                -0.2579772726627457,
                -0.2481054540511541,
                0.12143786266527992
            ],
            "Principle_point": [
                965.475,
                551.795
            ],
            "Projection": "Equirectangular",
            "R": [
                0.994386998730909,
                0.01435872535582769,
                0.10482520575267691,
                -0.01770033709785385,
                0.9993621019435053,
                0.031017531585887336,
                -0.10431296574039814,
                -0.03269887161990596,
                0.9940068354761088
            ],
            "Resolution": [
                1920,
                1080
            ],
            "Rotation": [
                0.0,
                0.0,
                0.0
            ],
            "Type": "RGB",
            "Ver_range": [
                -90.0,
                90.0
            ],
            "dist": [
                0.0830946,
                -0.0382076,
                0.0,
                0.0
            ]
        },
        {
            "Backgroud": 0,
            "BitDepthColor": 8,
            "BitDepthDepth": 16,
            "ColorSpace": "YUV420",
            "DepthColorSpace": "YUV400",
            "DepthMap": 1,
            "Depth_range": [
                0.1,
                3.0
            ],
            "Focal": [
                915.76,
                916.205
            ],
            "Hor_range": [
                -90.0,
                90.0
            ],
            "K": [
                915.76,
                0.0,
                965.475,
                0.0,
                916.205,
                551.795,
                0.0,
                0.0,
                1.0
            ],
            "Name": "000508922212",
            "Position": [
                -0.2579772726627457,
                -0.2481054540511541,
                0.12143786266527992
            ],
            "Principle_point": [
                965.475,
                551.795
            ],
            "Projection": "Equirectangular",
            "R": [
                0.994386998730909,
                0.01435872535582769,
                0.10482520575267691,
                -0.01770033709785385,
                0.9993621019435053,
                0.031017531585887336,
                -0.10431296574039814,
                -0.03269887161990596,
                0.9940068354761088
            ],
            "Resolution": [
                1920,
                1080
            ],
            "Rotation": [
                0.0,
                0.0,
                0.0
            ],
            "Type": "Depth",
            "Ver_range": [
                -90.0,
                90.0
            ],
            "dist": [
                0.0830946,
                -0.0382076,
                0.0,
                0.0
            ]
        },
        {
            "Backgroud": 0,
            "BitDepthColor": 8,
            "BitDepthDepth": 16,
            "ColorSpace": "YUV420",
            "DepthColorSpace": "YUV400",
            "DepthMap": 1,
            "Depth_range": [
                0.1,
                3.0
            ],
            "Focal": [
                926.595,
                926.655
            ],
            "Hor_range": [
                -90.0,
                90.0
            ],
            "K": [
                926.595,
                0.0,
                961.035,
                0.0,
                926.655,
                545.405,
                0.0,
                0.0,
                1.0
            ],
            "Name": "000570922112",
            "Position": [
                -0.35701533493551646,
                -0.3680615866292217,
                0.11652441681111037
            ],
            "Principle_point": [
                961.035,
                545.405
            ],
            "Projection": "Equirectangular",
            "R": [
                0.9927014349897589,
                0.06513888526760164,
                0.10149279085416478,
                -0.08058970207151282,
                0.984391275605181,
                0.15645803409358522,
                -0.08971711592164458,
                -0.1634953887377222,
                0.9824561552416491
            ],
            "Resolution": [
                1920,
                1080
            ],
            "Rotation": [
                0.0,
                0.0,
                0.0
            ],
            "Type": "RGB",
            "Ver_range": [
                -90.0,
                90.0
            ],
            "dist": [
                0.0792688,
                -0.0379314,
                0.0,
                0.0
            ]
        },
        {
            "Backgroud": 0,
            "BitDepthColor": 8,
            "BitDepthDepth": 16,
            "ColorSpace": "YUV420",
            "DepthColorSpace": "YUV400",
            "DepthMap": 1,
            "Depth_range": [
                0.1,
                3.0
            ],
            "Focal": [
                926.595,
                926.655
            ],
            "Hor_range": [
                -90.0,
                90.0
            ],
            "K": [
                926.595,
                0.0,
                961.035,
                0.0,
                926.655,
                545.405,
                0.0,
                0.0,
                1.0
            ],
            "Name": "000570922112",
            "Position": [
                -0.35701533493551646,
                -0.3680615866292217,
                0.11652441681111037
            ],
            "Principle_point": [
                961.035,
                545.405
            ],
            "Projection": "Equirectangular",
            "R": [
                0.9927014349897589,
                0.06513888526760164,
                0.10149279085416478,
                -0.08058970207151282,
                0.984391275605181,
                0.15645803409358522,
                -0.08971711592164458,
                -0.1634953887377222,
                0.9824561552416491
            ],
            "Resolution": [
                1920,
                1080
            ],
            "Rotation": [
                0.0,
                0.0,
                0.0
            ],
            "Type": "Depth",
            "Ver_range": [
                -90.0,
                90.0
            ],
            "dist": [
                0.0792688,
                -0.0379314,
                0.0,
                0.0
            ]
        },
        {
            "Backgroud": 0,
            "BitDepthColor": 8,
            "BitDepthDepth": 16,
            "ColorSpace": "YUV420",
            "DepthColorSpace": "YUV400",
            "DepthMap": 1,
            "Depth_range": [
                0.1,
                3.0
            ],
            "Focal": [
                926.32,
                926.845
            ],
            "Hor_range": [
                -90.0,
                90.0
            ],
            "K": [
                926.32,
                0.0,
                955.42,
                0.0,
                926.845,
                545.89,
                0.0,
                0.0,
                1.0
            ],
            "Name": "000687922112",
            "Position": [
                0.6279891766986629,
                -0.5313928068100252,
                0.18249526563992138
            ],
            "Principle_point": [
                955.42,
                545.89
            ],
            "Projection": "Equirectangular",
            "R": [
                0.9965856372189558,
                0.08211423241144722,
                0.008620935237319651,
                -0.08234752711315599,
                0.9809386146231152,
                0.1760065882847331,
                0.005996037627906542,
                -0.17611555063867107,
                0.984351238306735
            ],
            "Resolution": [
                1920,
                1080
            ],
            "Rotation": [
                0.0,
                0.0,
                0.0
            ],
            "Type": "RGB",
            "Ver_range": [
                -90.0,
                90.0
            ],
            "dist": [
                0.0869961,
                -0.0461724,
                0.0,
                0.0
            ]
        },
        {
            "Backgroud": 0,
            "BitDepthColor": 8,
            "BitDepthDepth": 16,
            "ColorSpace": "YUV420",
            "DepthColorSpace": "YUV400",
            "DepthMap": 1,
            "Depth_range": [
                0.1,
                3.0
            ],
            "Focal": [
                926.32,
                926.845
            ],
            "Hor_range": [
                -90.0,
                90.0
            ],
            "K": [
                926.32,
                0.0,
                955.42,
                0.0,
                926.845,
                545.89,
                0.0,
                0.0,
                1.0
            ],
            "Name": "000687922112",
            "Position": [
                0.6279891766986629,
                -0.5313928068100252,
                0.18249526563992138
            ],
            "Principle_point": [
                955.42,
                545.89
            ],
            "Projection": "Equirectangular",
            "R": [
                0.9965856372189558,
                0.08211423241144722,
                0.008620935237319651,
                -0.08234752711315599,
                0.9809386146231152,
                0.1760065882847331,
                0.005996037627906542,
                -0.17611555063867107,
                0.984351238306735
            ],
            "Resolution": [
                1920,
                1080
            ],
            "Rotation": [
                0.0,
                0.0,
                0.0
            ],
            "Type": "Depth",
            "Ver_range": [
                -90.0,
                90.0
            ],
            "dist": [
                0.0869961,
                -0.0461724,
                0.0,
                0.0
            ]
        },
        {
            "Backgroud": 0,
            "BitDepthColor": 8,
            "BitDepthDepth": 16,
            "ColorSpace": "YUV420",
            "DepthColorSpace": "YUV400",
            "DepthMap": 1,
            "Depth_range": [
                0.1,
                3.0
            ],
            "Focal": [
                923.855,
                924.215
            ],
            "Hor_range": [
                -90.0,
                90.0
            ],
            "K": [
                923.855,
                0.0,
                959.035,
                0.0,
                924.215,
                544.535,
                0.0,
                0.0,
                1.0
            ],
            "Name": "000740321012",
            "Position": [
                0.25915669752352616,
                -0.22492756728279714,
                0.0036467083265909104
            ],
            "Principle_point": [
                959.035,
                544.535
            ],
            "Projection": "Equirectangular",
            "R": [
                0.9948421965700172,
                0.09145808839031985,
                -0.04386823442688053,
                -0.08376823646917239,
                0.9846481052337578,
                0.15313716537279842,
                0.05720040631488664,
                -0.14867254934102472,
                0.9872307666345557
            ],
            "Resolution": [
                1920,
                1080
            ],
            "Rotation": [
                0.0,
                0.0,
                0.0
            ],
            "Type": "RGB",
            "Ver_range": [
                -90.0,
                90.0
            ],
            "dist": [
                0.0807275,
                -0.0389537,
                0.0,
                0.0
            ]
        },
        {
            "Backgroud": 0,
            "BitDepthColor": 8,
            "BitDepthDepth": 16,
            "ColorSpace": "YUV420",
            "DepthColorSpace": "YUV400",
            "DepthMap": 1,
            "Depth_range": [
                0.1,
                3.0
            ],
            "Focal": [
                923.855,
                924.215
            ],
            "Hor_range": [
                -90.0,
                90.0
            ],
            "K": [
                923.855,
                0.0,
                959.035,
                0.0,
                924.215,
                544.535,
                0.0,
                0.0,
                1.0
            ],
            "Name": "000740321012",
            "Position": [
                0.25915669752352616,
                -0.22492756728279714,
                0.0036467083265909104
            ],
            "Principle_point": [
                959.035,
                544.535
            ],
            "Projection": "Equirectangular",
            "R": [
                0.9948421965700172,
                0.09145808839031985,
                -0.04386823442688053,
                -0.08376823646917239,
                0.9846481052337578,
                0.15313716537279842,
                0.05720040631488664,
                -0.14867254934102472,
                0.9872307666345557
            ],
            "Resolution": [
                1920,
                1080
            ],
            "Rotation": [
                0.0,
                0.0,
                0.0
            ],
            "Type": "Depth",
            "Ver_range": [
                -90.0,
                90.0
            ],
            "dist": [
                0.0807275,
                -0.0389537,
                0.0,
                0.0
            ]
        },
        {
            "Backgroud": 0,
            "BitDepthColor": 8,
            "BitDepthDepth": 16,
            "ColorSpace": "YUV420",
            "DepthColorSpace": "YUV400",
            "DepthMap": 1,
            "Depth_range": [
                0.1,
                3.0
            ],
            "Focal": [
                925.285,
                925.47
            ],
            "Hor_range": [
                -90.0,
                90.0
            ],
            "K": [
                925.285,
                0.0,
                959.28,
                0.0,
                925.47,
                551.41,
                0.0,
                0.0,
                1.0
            ],
            "Name": "001070614312",
            "Position": [
                -0.5764010144358505,
                -0.4788271536060902,
                0.10133115993763883
            ],
            "Principle_point": [
                959.28,
                551.41
            ],
            "Projection": "Equirectangular",
            "R": [
                0.977974356183806,
                -0.024350546615657036,
                0.20729980590050828,
                -0.03281796364154259,
                0.9628793695484332,
                0.2679296567392906,
                -0.20612894000914114,
                -0.2688314910450976,
                0.940872196163314
            ],
            "Resolution": [
                1920,
                1080
            ],
            "Rotation": [
                0.0,
                0.0,
                0.0
            ],
            "Type": "RGB",
            "Ver_range": [
                -90.0,
                90.0
            ],
            "dist": [
                0.0752305,
                -0.0318401,
                0.0,
                0.0
            ]
        },
        {
            "Backgroud": 0,
            "BitDepthColor": 8,
            "BitDepthDepth": 16,
            "ColorSpace": "YUV420",
            "DepthColorSpace": "YUV400",
            "DepthMap": 1,
            "Depth_range": [
                0.1,
                3.0
            ],
            "Focal": [
                925.285,
                925.47
            ],
            "Hor_range": [
                -90.0,
                90.0
            ],
            "K": [
                925.285,
                0.0,
                959.28,
                0.0,
                925.47,
                551.41,
                0.0,
                0.0,
                1.0
            ],
            "Name": "001070614312",
            "Position": [
                -0.5764010144358505,
                -0.4788271536060902,
                0.10133115993763883
            ],
            "Principle_point": [
                959.28,
                551.41
            ],
            "Projection": "Equirectangular",
            "R": [
                0.977974356183806,
                -0.024350546615657036,
                0.20729980590050828,
                -0.03281796364154259,
                0.9628793695484332,
                0.2679296567392906,
                -0.20612894000914114,
                -0.2688314910450976,
                0.940872196163314
            ],
            "Resolution": [
                1920,
                1080
            ],
            "Rotation": [
                0.0,
                0.0,
                0.0
            ],
            "Type": "Depth",
            "Ver_range": [
                -90.0,
                90.0
            ],
            "dist": [
                0.0752305,
                -0.0318401,
                0.0,
                0.0
            ]
        },
        {
            "Backgroud": 0,
            "BitDepthColor": 8,
            "BitDepthDepth": 16,
            "ColorSpace": "YUV420",
            "DepthColorSpace": "YUV400",
            "DepthMap": 1,
            "Depth_range": [
                0.1,
                3.0
            ],
            "Focal": [
                926.72,
                926.98
            ],
            "Hor_range": [
                -90.0,
                90.0
            ],
            "K": [
                926.72,
                -1.20943,
                956.145,
                0.0,
                926.98,
                563.395,
                0.0,
                0.0,
                1.0
            ],
            "Name": "000507922212",
            "Position": [
                -4.5426614296204184e-05,
                -0.24785060876080361,
                -0.03621557413977901
            ],
            "Principle_point": [
                956.145,
                563.395
            ],
            "Projection": "Equirectangular",
            "R": [
                0.9984353884557907,
                0.03452303139058831,
                0.04398790041293563,
                -0.045641786854973415,
                0.9576158461135663,
                0.28440942066831054,
                -0.03230483511518153,
                -0.2859721167802961,
                0.957693242146136
            ],
            "Resolution": [
                1920,
                1080
            ],
            "Rotation": [
                0.0,
                0.0,
                0.0
            ],
            "Type": "RGB",
            "Ver_range": [
                -90.0,
                90.0
            ],
            "dist": [
                0.087067,
                -0.0437034,
                0.0,
                0.0
            ]
        },
        {
            "Backgroud": 0,
            "BitDepthColor": 8,
            "BitDepthDepth": 16,
            "ColorSpace": "YUV420",
            "DepthColorSpace": "YUV400",
            "DepthMap": 1,
            "Depth_range": [
                0.1,
                3.0
            ],
            "Focal": [
                926.72,
                926.98
            ],
            "Hor_range": [
                -90.0,
                90.0
            ],
            "K": [
                926.72,
                -1.20943,
                956.145,
                0.0,
                926.98,
                563.395,
                0.0,
                0.0,
                1.0
            ],
            "Name": "000507922212",
            "Position": [
                -4.5426614296204184e-05,
                -0.24785060876080361,
                -0.03621557413977901
            ],
            "Principle_point": [
                956.145,
                563.395
            ],
            "Projection": "Equirectangular",
            "R": [
                0.9984353884557907,
                0.03452303139058831,
                0.04398790041293563,
                -0.045641786854973415,
                0.9576158461135663,
                0.28440942066831054,
                -0.03230483511518153,
                -0.2859721167802961,
                0.957693242146136
            ],
            "Resolution": [
                1920,
                1080
            ],
            "Rotation": [
                0.0,
                0.0,
                0.0
            ],
            "Type": "Depth",
            "Ver_range": [
                -90.0,
                90.0
            ],
            "dist": [
                0.087067,
                -0.0437034,
                0.0,
                0.0
            ]
        }
    ],
    "Content_name": "UPMCoffeeTime",
    "Fps": 30,
    "Frames_number": 660,
    "Version": "4.0"
}